hiroshima-0-0.png
34.2928272,132.5140264
34.2924361,132.5141474

hiroshima-0-1.png
34.293774,132.516001
34.291228,132.520100

hiroshima-0-2.png
34.293678,132.519612
34.291161,132.523553

hiroshima-0-3.png
34.293792,132.523571
34.291412,132.527393

hiroshima-1-0.png
34.290846,132.512263
34.288459,132.516135

hiroshima-1-1.png
34.290710,132.515985
34.288388,132.519775

hiroshima-1-2.png
34.290980,132.519783
34.288570,132.523679

hiroshima-1-3.png
34.290778,132.523485
34.288527,132.526965

hiroshima-2-0.png
34.288249,132.512067
34.285699,132.516172

hiroshima-2-1.png
34.288043,132.515792
34.285527,132.519846

hiroshima-2-2.png
34.288065,132.519660
34.285615,132.523487

hiroshima-2-3.png
34.288251,132.523419
34.285886,132.526950

hiroshima-3-0.png
34.285428,132.511889
34.282880,132.516003

hiroshima-3-1.png
34.285422,132.515880
34.282910,132.519941

hiroshima-3-2.png
34.285490,132.519539
34.283142,132.523272

hiroshima-3-3.png
34.285362,132.523473
34.283324,132.526414
